D = [-0.34653928082575447, 0.15435847977093167, 0.0014830308338663672, 0.00026657932087659653, 0.0]
K = [362.7515034688171, 0.0, 162.24788685756457, 0.0, 362.08510821734956, 131.53254988455762, 0.0, 0.0, 1.0]
R = [1.0, 0.0, 0.0, 0.0, 1.0, 0.0, 0.0, 0.0, 1.0]
P = [331.5586242675781, 0.0, 159.91685524977493, 0.0, 0.0, 343.9674987792969, 131.42809030471471, 0.0, 0.0, 0.0, 1.0, 0.0]
# oST version 5.0 parameters


[image]

width
346

height
260

[narrow_stereo]

camera matrix
362.751503 0.000000 162.247887
0.000000 362.085108 131.532550
0.000000 0.000000 1.000000

distortion
-0.346539 0.154358 0.001483 0.000267 0.000000

rectification
1.000000 0.000000 0.000000
0.000000 1.000000 0.000000
0.000000 0.000000 1.000000

projection
331.558624 0.000000 159.916855 0.000000
0.000000 343.967499 131.428090 0.000000
0.000000 0.000000 1.000000 0.000000
