image_width: 346
image_height: 260
camera_name: DAVIS-00000797
camera_matrix:
  rows: 3
  cols: 3
  data: [362.7515034688171, 0, 162.2478868575646, 0, 362.0851082173496, 131.5325498845576, 0, 0, 1]
distortion_model: plumb_bob
distortion_coefficients:
  rows: 1
  cols: 5
  data: [-0.3465392808257545, 0.1543584797709317, 0.001483030833866367, 0.0002665793208765965, 0]
rectification_matrix:
  rows: 3
  cols: 3
  data: [1, 0, 0, 0, 1, 0, 0, 0, 1]
projection_matrix:
  rows: 3
  cols: 4
  data: [331.5586242675781, 0, 159.9168552497749, 0, 0, 343.9674987792969, 131.4280903047147, 0, 0, 0, 1, 0]